1024,4
1024,4
1024,4
1024,4
1024,4
1024,4
1024,4
1024,4
1024,4
1024,4
1024,4
1024,4
1024,4
1024,4
1024,4
1024,4
1024,4
1024,4
1024,4
1024,4
1024,4
1024,4
1024,4
1024,4
1024,4
1024,4
1024,4
1024,4
1024,4
1024,4
1024,4
1024,4
1024,4
1024,4
1024,4
1024,4
1024,4
1024,4
1024,4
1024,4
1024,4
1024,4
1024,4
1024,4
1024,4
1024,4
1024,4
1024,4
1024,4
1024,4
1024,4
1024,4
1024,4
1024,4
1024,4
1024,4
1024,4
1024,4
1024,4
1024,4
1024,4
1024,4
1024,4
1024,4
1024,4
1024,4
1024,4
1024,4
1024,4
1024,4
1024,4
1024,4
1024,4
1024,4
1024,4
1024,4
1024,4
1024,4
1024,4
1024,4
1024,4
1024,4
1024,4
1024,4
1024,4
1024,4
1024,4
1024,4
1024,4
1024,4
1024,4
1024,4
1024,4
1024,4
1024,4
1024,4
1024,4
672,40962
